_C_7e12_5f8756a9_2 84 0 f 0 0 7ff0 
_C_31aba_5f83587d_2 8c 0 2d8 0 0 3d202562 0 6f6e6720 0 49735772 0 68696e67 0 6f6d6574 0 20202053 0 20202020 0 20202020 0 20202020 0 3d202562 0 68697320 0 6f726554 0 2c205363 0 3d202562 0 42696720 0 25622c20 0 74203d20 0 674c6566 0 2c204269 0 3d202562 0 2c205920 0 3d202562 0 205820 
_C_3c88e_5f8719da_3 8c 0 228 0 0 3d202562 0 48697420 0 53686970 0 67657374 0 20426967 0 2025622c 0 7373203d 0 2c204d69 0 3d202562 0 69737320 0 6561724d 0 622c206e 0 203d2025 0 2c486974 0 59202564 0 25642c20 0 58203d20 0 20 
_C_31aba_5f83587d_7 84 0 7 0 0 60 
_C_38b91_5f8365b6_3 8c 0 168 0 0 3a202562 0 53686970 0 67657374 0 20426967 0 3a202562 0 67657374 0 72426967 0 20437572 0 2025682c 0 2c20593a 0 3a202568 0 58 
_C_34dd5_5f835d02_2 8c 0 400 0 0 3d202562 0 48697420 0 53686970 0 67657374 0 20426967 0 2025622c 0 7473203d 0 756d4869 0 642c206e 0 203d2025 0 48697473 0 6f74616c 0 20202054 0 20202020 0 20202020 0 2c202020 0 3d202562 0 69737320 0 622c204d 0 203d2025 0 4d697373 0 6e656172 0 25622c20 0 74203d20 0 2c204869 0 3d202564 0 69747320 0 75727248 0 642c2043 0 20592025 0 2025642c 0 2058203d 
_C_38b91_5f8365b6_2 84 0 7 0 0 78 
_C_31aba_5f83587d_9 8c 0 d8 0 0 3d202562 0 656e7420 0 5365676d 0 6576656e 0 622c2073 0 203d2025 0 626364 
_C_33b56_5f835bdc_2 8c 0 400 0 0 3d202562 0 48697420 0 53686970 0 67657374 0 20426967 0 2025642c 0 7473203d 0 756d4869 0 642c206e 0 203d2025 0 48697473 0 6f74616c 0 20202054 0 20202020 0 20202020 0 2c202020 0 3d202562 0 69737320 0 622c204d 0 203d2025 0 4d697373 0 6e656172 0 25622c20 0 74203d20 0 2c204869 0 3d202564 0 69747320 0 75727248 0 642c2043 0 20592025 0 2025642c 0 2058203d 
_C_3c88e_5f8719da_2 8c 0 e8 0 0 3a202562 0 53686970 0 67657374 0 20426967 0 2025642c 0 2c20593a 0 3a202564 0 58 
_C_18f6_5f834d9b_2 8c 0 e8 0 0 3a202562 0 53686970 0 67657374 0 20426967 0 2025682c 0 2c20593a 0 3a202568 0 58 
_C_31aba_5f83587d_1 84 0 a 0 0 3f0 
_C_31aba_5f83587d_6 8c 0 400 0 0 3d202562 0 48697420 0 53686970 0 67657374 0 20426967 0 2025642c 0 7473203d 0 756d4869 0 642c206e 0 203d2025 0 48697473 0 6f74616c 0 622c2054 0 203d2025 0 4d697373 0 20202020 0 20202020 0 20202020 0 622c2020 0 203d2025 0 4d697373 0 6e656172 0 25622c20 0 74203d20 0 2c204869 0 3d202564 0 69747320 0 75727248 0 642c2043 0 20592025 0 2025642c 0 2058203d 
_C_31aba_5f83587d_5 84 0 d 0 0 1ff0 
_C_7e12_5f8756a9_3 8c 0 500 0 0 3d202562 0 6f6e6720 0 49735772 0 68696e67 0 6f6d6574 0 622c2053 0 203d2025 0 4d697373 0 25622c20 0 73203d20 0 724d6973 0 206e6561 0 2025622c 0 6974203d 0 622c2048 0 203d2025 0 70486974 0 74536869 0 67676573 0 20204269 0 20202020 0 20202020 0 622c2020 0 203d2025 0 48697473 0 206e756d 0 2025622c 0 6973203d 0 72655468 0 2053636f 0 2025622c 0 6967203d 0 622c2042 0 203d2025 0 4c656674 0 20426967 0 2025642c 0 2059203d 0 2025642c 0 2058203d 
_C_31aba_5f83587d_4 8c 0 198 0 0 3d202562 0 69737320 0 622c204d 0 203d2025 0 4d697373 0 6e656172 0 25622c20 0 74203d20 0 2c204869 0 3d202564 0 2c205920 0 3d202564 0 205820 
_C_d799_5f87537f_2 8c 0 230 0 0 3d202562 0 48697420 0 53686970 0 67657374 0 20426967 0 2025622c 0 7373203d 0 2c204d69 0 3d202562 0 69737320 0 6561724d 0 622c206e 0 203d2025 0 20486974 0 2025642c 0 642c2059 0 203d2025 0 2058 
_C_4dd_5f834aa9_1 94 0 20 0 0 1 
_C_18f6_5f834d9b_1 84 0 6 0 0 38 
_C_31aba_5f83587d_3 84 0 9 0 0 1f0 
